time: 150.83
cl: 0.001063
cd: 0.323602